PALMRobo Elements
Version:	V 4.6.0.4
Date, Time :	11.03.2022	16:37:48

MICROMETER
Elements :

Type	Color	Thickness	No	CutShot	Area	Comment	Coordinates	

Line	red	1	1	3,0	110490	.	
.	2252.2,4313.4	2234.8,4313.4
.	2231.3,4314.4	2255.7,4314.4
.	2258.4,4315.4	2228.7,4315.4
.	2226.6,4316.4	2260.5,4316.4
.	2262.4,4317.4	2224.7,4317.4
.	2223.1,4318.4	2264,4318.4
.	2265.4,4319.4	2221.6,4319.4
.	2220.3,4320.4	2266.8,4320.4
.	2268,4321.4	2219.1,4321.4
.	2217.9,4322.4	2269.1,4322.4
.	2270.1,4323.4	2216.9,4323.4
.	2216,4324.4	2271.1,4324.4
.	2272,4325.4	2215.1,4325.4
.	2214.2,4326.4	2272.8,4326.4
.	2273.6,4327.4	2213.5,4327.4
.	2212.8,4328.4	2274.3,4328.4
.	2275,4329.4	2212.1,4329.4
.	2211.5,4330.4	2275.6,4330.4
.	2276.2,4331.4	2210.9,4331.4
.	2210.4,4332.4	2276.7,4332.4
.	2277.2,4333.4	2209.8,4333.4
.	2209.4,4334.4	2277.7,4334.4
.	2278.1,4335.4	2208.9,4335.4
.	2208.6,4336.4	2278.5,4336.4
.	2278.9,4337.4	2208.2,4337.4
.	2207.9,4338.4	2279.2,4338.4
.	2279.5,4339.4	2207.6,4339.4
.	2207.3,4340.4	2279.7,4340.4
.	2280,4341.4	2207.1,4341.4
.	2206.9,4342.4	2280.2,4342.4
.	2280.4,4343.4	2206.7,4343.4
.	2206.5,4344.4	2280.5,4344.4
.	2280.7,4345.4	2206.4,4345.4
.	2206.3,4346.4	2280.8,4346.4
.	2280.8,4347.4	2206.2,4347.4
.	2206.2,4348.4	2280.9,4348.4
.	2280.9,4349.4	2206.1,4349.4
.	2206.1,4350.4	2280.9,4350.4
.	2280.9,4351.4	2206.1,4351.4
.	2206.1,4352.4	2280.9,4352.4
.	2280.9,4353.4	2206.1,4353.4
.	2206.1,4354.4	2280.9,4354.4
.	2280.9,4355.4	2206.1,4355.4
.	2206.1,4356.4	2280.9,4356.4
.	2280.9,4357.4	2206.1,4357.4
.	2206.1,4358.4	2280.9,4358.4
.	2280.9,4359.4	2206.1,4359.4
.	2206.1,4360.4	2280.9,4360.4
.	2280.9,4361.4	2206.1,4361.4
.	2206.1,4362.4	2280.9,4362.4
.	2280.9,4363.4	2206.1,4363.4
.	2206.1,4364.4	2280.9,4364.4
.	2280.9,4365.4	2206.1,4365.4
.	2206.1,4366.4	2280.9,4366.4
.	2280.9,4367.4	2206.1,4367.4
.	2206.1,4368.4	2280.9,4368.4
.	2280.9,4369.4	2206.1,4369.4
.	2206.1,4370.4	2280.9,4370.4
.	2280.9,4371.4	2206.1,4371.4
.	2206.1,4372.4	2280.9,4372.4
.	2280.9,4373.4	2206.1,4373.4
.	2206.1,4374.4	2280.9,4374.4
.	2280.9,4375.4	2206.1,4375.4
.	2206.1,4376.4	2280.9,4376.4
.	2280.9,4377.4	2206.1,4377.4
.	2206.1,4378.4	2280.9,4378.4
.	2280.9,4379.4	2206.1,4379.4
.	2206.1,4380.4	2280.9,4380.4
.	2280.9,4381.4	2206.1,4381.4
.	2206.1,4382.4	2280.9,4382.4
.	2280.9,4383.4	2206.1,4383.4
.	2206.1,4384.4	2280.9,4384.4
.	2280.9,4385.4	2206.1,4385.4
.	2206.1,4386.4	2280.9,4386.4
.	2280.9,4387.4	2206.1,4387.4
.	2206.1,4388.4	2280.9,4388.4
.	2280.9,4389.4	2206.1,4389.4
.	2206.1,4390.4	2280.9,4390.4
.	2280.9,4391.4	2206.1,4391.4
.	2206.1,4392.4	2280.9,4392.4
.	2280.9,4393.4	2206.1,4393.4
.	2206.1,4394.4	2280.9,4394.4
.	2280.9,4395.4	2206.1,4395.4
.	2206.1,4396.4	2280.9,4396.4
.	2280.9,4397.4	2206.1,4397.4
.	2206.1,4398.4	2280.9,4398.4
.	2280.9,4399.4	2206.1,4399.4
.	2206.1,4400.4	2280.9,4400.4
.	2280.9,4401.4	2206.1,4401.4
.	2206.1,4402.4	2280.9,4402.4
.	2280.9,4403.4	2206.1,4403.4
.	2206.1,4404.4	2280.9,4404.4
.	2280.9,4405.4	2206.1,4405.4
.	2206.1,4406.4	2280.9,4406.4
.	2280.9,4407.4	2206.1,4407.4
.	2206.1,4408.4	2280.9,4408.4
.	2280.9,4409.4	2206.1,4409.4
.	2206.1,4410.4	2280.9,4410.4
.	2280.9,4411.4	2206.1,4411.4
.	2206.1,4412.4	2280.9,4412.4
.	2280.9,4413.4	2206.1,4413.4
.	2206.1,4414.4	2280.9,4414.4
.	2280.9,4415.4	2206.1,4415.4
.	2206.1,4416.4	2280.9,4416.4
.	2280.9,4417.4	2206.1,4417.4
.	2206.1,4418.4	2280.9,4418.4
.	2280.9,4419.4	2206.1,4419.4
.	2206.1,4420.4	2280.9,4420.4
.	2280.9,4421.4	2206.1,4421.4
.	2206.1,4422.4	2280.9,4422.4
.	2280.9,4423.4	2206.1,4423.4
.	2206.1,4424.4	2280.9,4424.4
.	2280.9,4425.4	2206.1,4425.4
.	2206.1,4426.4	2280.9,4426.4
.	2280.9,4427.4	2206.1,4427.4
.	2206.1,4428.4	2280.9,4428.4
.	2280.9,4429.4	2206.1,4429.4
.	2206.1,4430.4	2280.9,4430.4
.	2280.9,4431.4	2206.1,4431.4
.	2206.1,4432.4	2280.9,4432.4
.	2280.9,4433.4	2206.1,4433.4
.	2206.1,4434.4	2280.9,4434.4
.	2281,4435.4	2206.1,4435.4
.	2206.1,4436.4	2281,4436.4
.	2281.1,4437.4	2206,4437.4
.	2205.9,4438.4	2281.1,4438.4
.	2281.2,4439.4	2205.9,4439.4
.	2205.8,4440.4	2281.2,4440.4
.	2281.3,4441.4	2205.7,4441.4
.	2205.6,4442.4	2281.4,4442.4
.	2281.5,4443.4	2205.6,4443.4
.	2205.5,4444.4	2281.6,4444.4
.	2281.7,4445.4	2205.4,4445.4
.	2205.2,4446.4	2281.8,4446.4
.	2281.9,4447.4	2205.1,4447.4
.	2205,4448.4	2282.1,4448.4
.	2282.2,4449.4	2204.8,4449.4
.	2204.7,4450.4	2282.4,4450.4
.	2282.5,4451.4	2204.5,4451.4
.	2204.3,4452.4	2282.7,4452.4
.	2282.9,4453.4	2204.2,4453.4
.	2204,4454.4	2283.1,4454.4
.	2283.3,4455.4	2203.8,4455.4
.	2203.6,4456.4	2283.5,4456.4
.	2283.7,4457.4	2203.4,4457.4
.	2203.1,4458.4	2283.9,4458.4
.	2284.1,4459.4	2202.9,4459.4
.	2202.7,4460.4	2284.4,4460.4
.	2284.6,4461.4	2202.4,4461.4
.	2202.2,4462.5	2284.9,4462.5
.	2285.1,4463.5	2201.9,4463.5
.	2201.6,4464.5	2285.4,4464.5
.	2285.7,4465.5	2201.3,4465.5
.	2201,4466.5	2286,4466.5
.	2286.3,4467.5	2200.7,4467.5
.	2200.4,4468.5	2286.7,4468.5
.	2287,4469.5	2200,4469.5
.	2199.7,4470.5	2287.4,4470.5
.	2287.7,4471.5	2199.3,4471.5
.	2198.9,4472.5	2288.1,4472.5
.	2288.5,4473.5	2198.5,4473.5
.	2198.1,4474.5	2289,4474.5
.	2289.4,4475.5	2197.6,4475.5
.	2197.2,4476.5	2289.9,4476.5
.	2290.4,4477.5	2196.7,4477.5
.	2196.1,4478.5	2290.9,4478.5
.	2291.5,4479.5	2195.6,4479.5
.	2194.9,4480.5	2292.1,4480.5
.	2292.8,4481.5	2194.3,4481.5
.	2193.6,4482.5	2293.5,4482.5
.	2294.3,4483.5	2192.7,4483.5
.	2191.8,4484.5	2295.2,4484.5
.	2296.4,4485.5	2190.7,4485.5
.	2189.1,4486.5	2297.9,4486.5

Line	red	1	1	3,0	110490	.	
.	2738.2,4313.4	2720.8,4313.4
.	2717.3,4314.4	2741.7,4314.4
.	2744.4,4315.4	2714.7,4315.4
.	2712.6,4316.4	2746.5,4316.4
.	2748.4,4317.4	2710.7,4317.4
.	2709.1,4318.4	2750,4318.4
.	2751.5,4319.4	2707.6,4319.4
.	2706.3,4320.4	2752.8,4320.4
.	2754,4321.4	2705.1,4321.4
.	2703.9,4322.4	2755.1,4322.4
.	2756.1,4323.4	2702.9,4323.4
.	2702,4324.4	2757.1,4324.4
.	2758,4325.4	2701.1,4325.4
.	2700.3,4326.4	2758.8,4326.4
.	2759.6,4327.4	2699.5,4327.4
.	2698.8,4328.4	2760.3,4328.4
.	2761,4329.4	2698.1,4329.4
.	2697.5,4330.4	2761.6,4330.4
.	2762.2,4331.4	2696.9,4331.4
.	2696.4,4332.4	2762.7,4332.4
.	2763.2,4333.4	2695.9,4333.4
.	2695.4,4334.4	2763.7,4334.4
.	2764.1,4335.4	2695,4335.4
.	2694.6,4336.4	2764.5,4336.4
.	2764.9,4337.4	2694.2,4337.4
.	2693.9,4338.4	2765.2,4338.4
.	2765.5,4339.4	2693.6,4339.4
.	2693.3,4340.4	2765.8,4340.4
.	2766,4341.4	2693.1,4341.4
.	2692.9,4342.4	2766.2,4342.4
.	2766.4,4343.4	2692.7,4343.4
.	2692.5,4344.4	2766.5,4344.4
.	2766.7,4345.4	2692.4,4345.4
.	2692.3,4346.4	2766.8,4346.4
.	2766.8,4347.4	2692.2,4347.4
.	2692.2,4348.4	2766.9,4348.4
.	2766.9,4349.4	2692.1,4349.4
.	2692.1,4350.4	2766.9,4350.4
.	2766.9,4351.4	2692.1,4351.4
.	2692.1,4352.4	2766.9,4352.4
.	2766.9,4353.4	2692.1,4353.4
.	2692.1,4354.4	2766.9,4354.4
.	2766.9,4355.4	2692.1,4355.4
.	2692.1,4356.4	2766.9,4356.4
.	2766.9,4357.4	2692.1,4357.4
.	2692.1,4358.4	2766.9,4358.4
.	2766.9,4359.4	2692.1,4359.4
.	2692.1,4360.4	2766.9,4360.4
.	2766.9,4361.4	2692.1,4361.4
.	2692.1,4362.4	2766.9,4362.4
.	2766.9,4363.4	2692.1,4363.4
.	2692.1,4364.4	2766.9,4364.4
.	2766.9,4365.4	2692.1,4365.4
.	2692.1,4366.4	2766.9,4366.4
.	2766.9,4367.4	2692.1,4367.4
.	2692.1,4368.4	2766.9,4368.4
.	2766.9,4369.4	2692.1,4369.4
.	2692.1,4370.4	2766.9,4370.4
.	2766.9,4371.4	2692.1,4371.4
.	2692.1,4372.4	2766.9,4372.4
.	2766.9,4373.4	2692.1,4373.4
.	2692.1,4374.4	2766.9,4374.4
.	2766.9,4375.4	2692.1,4375.4
.	2692.1,4376.4	2766.9,4376.4
.	2766.9,4377.4	2692.1,4377.4
.	2692.1,4378.4	2766.9,4378.4
.	2766.9,4379.4	2692.1,4379.4
.	2692.1,4380.4	2766.9,4380.4
.	2766.9,4381.4	2692.1,4381.4
.	2692.1,4382.4	2766.9,4382.4
.	2766.9,4383.4	2692.1,4383.4
.	2692.1,4384.4	2766.9,4384.4
.	2766.9,4385.4	2692.1,4385.4
.	2692.1,4386.4	2766.9,4386.4
.	2766.9,4387.4	2692.1,4387.4
.	2692.1,4388.4	2766.9,4388.4
.	2766.9,4389.4	2692.1,4389.4
.	2692.1,4390.4	2766.9,4390.4
.	2766.9,4391.4	2692.1,4391.4
.	2692.1,4392.4	2766.9,4392.4
.	2766.9,4393.4	2692.1,4393.4
.	2692.1,4394.4	2766.9,4394.4
.	2766.9,4395.4	2692.1,4395.4
.	2692.1,4396.4	2766.9,4396.4
.	2766.9,4397.4	2692.1,4397.4
.	2692.1,4398.4	2766.9,4398.4
.	2766.9,4399.4	2692.1,4399.4
.	2692.1,4400.4	2766.9,4400.4
.	2766.9,4401.4	2692.1,4401.4
.	2692.1,4402.4	2766.9,4402.4
.	2766.9,4403.4	2692.1,4403.4
.	2692.1,4404.4	2766.9,4404.4
.	2766.9,4405.4	2692.1,4405.4
.	2692.1,4406.4	2766.9,4406.4
.	2766.9,4407.4	2692.1,4407.4
.	2692.1,4408.4	2766.9,4408.4
.	2766.9,4409.4	2692.1,4409.4
.	2692.1,4410.4	2766.9,4410.4
.	2766.9,4411.4	2692.1,4411.4
.	2692.1,4412.4	2766.9,4412.4
.	2766.9,4413.4	2692.1,4413.4
.	2692.1,4414.4	2766.9,4414.4
.	2766.9,4415.4	2692.1,4415.4
.	2692.1,4416.4	2766.9,4416.4
.	2766.9,4417.4	2692.1,4417.4
.	2692.1,4418.4	2766.9,4418.4
.	2766.9,4419.4	2692.1,4419.4
.	2692.1,4420.4	2766.9,4420.4
.	2766.9,4421.4	2692.1,4421.4
.	2692.1,4422.4	2766.9,4422.4
.	2766.9,4423.4	2692.1,4423.4
.	2692.1,4424.4	2766.9,4424.4
.	2766.9,4425.4	2692.1,4425.4
.	2692.1,4426.4	2766.9,4426.4
.	2766.9,4427.4	2692.1,4427.4
.	2692.1,4428.4	2766.9,4428.4
.	2766.9,4429.4	2692.1,4429.4
.	2692.1,4430.4	2766.9,4430.4
.	2766.9,4431.4	2692.1,4431.4
.	2692.1,4432.4	2766.9,4432.4
.	2766.9,4433.4	2692.1,4433.4
.	2692.1,4434.4	2766.9,4434.4
.	2767,4435.4	2692.1,4435.4
.	2692.1,4436.4	2767,4436.4
.	2767.1,4437.4	2692,4437.4
.	2692,4438.4	2767.1,4438.4
.	2767.2,4439.4	2691.9,4439.4
.	2691.8,4440.4	2767.2,4440.4
.	2767.3,4441.4	2691.8,4441.4
.	2691.7,4442.4	2767.4,4442.4
.	2767.5,4443.4	2691.6,4443.4
.	2691.5,4444.4	2767.6,4444.4
.	2767.7,4445.4	2691.4,4445.4
.	2691.2,4446.4	2767.8,4446.4
.	2768,4447.4	2691.1,4447.4
.	2691,4448.4	2768.1,4448.4
.	2768.2,4449.4	2690.8,4449.4
.	2690.7,4450.4	2768.4,4450.4
.	2768.6,4451.4	2690.5,4451.4
.	2690.4,4452.4	2768.7,4452.4
.	2768.9,4453.4	2690.2,4453.4
.	2690,4454.4	2769.1,4454.4
.	2769.3,4455.4	2689.8,4455.4
.	2689.6,4456.4	2769.5,4456.4
.	2769.7,4457.4	2689.4,4457.4
.	2689.2,4458.4	2769.9,4458.4
.	2770.1,4459.4	2688.9,4459.4
.	2688.7,4460.4	2770.4,4460.4
.	2770.6,4461.4	2688.4,4461.4
.	2688.2,4462.5	2770.9,4462.5
.	2771.2,4463.5	2687.9,4463.5
.	2687.6,4464.5	2771.4,4464.5
.	2771.7,4465.5	2687.3,4465.5
.	2687,4466.5	2772,4466.5
.	2772.4,4467.5	2686.7,4467.5
.	2686.4,4468.5	2772.7,4468.5
.	2773,4469.5	2686.1,4469.5
.	2685.7,4470.5	2773.4,4470.5
.	2773.7,4471.5	2685.3,4471.5
.	2684.9,4472.5	2774.1,4472.5
.	2774.5,4473.5	2684.5,4473.5
.	2684.1,4474.5	2775,4474.5
.	2775.4,4475.5	2683.6,4475.5
.	2683.2,4476.5	2775.9,4476.5
.	2776.4,4477.5	2682.7,4477.5
.	2682.1,4478.5	2776.9,4478.5
.	2777.5,4479.5	2681.6,4479.5
.	2681,4480.5	2778.1,4480.5
.	2778.8,4481.5	2680.3,4481.5
.	2679.6,4482.5	2779.5,4482.5
.	2780.3,4483.5	2678.8,4483.5
.	2677.8,4484.5	2781.2,4484.5
.	2782.4,4485.5	2676.7,4485.5
.	2675.2,4486.5	2783.9,4486.5

Line	red	1	1	3,0	110490	.	
.	2980.9,4313.4	2963.5,4313.4
.	2960,4314.4	2984.4,4314.4
.	2987,4315.4	2957.4,4315.4
.	2955.2,4316.4	2989.2,4316.4
.	2991,4317.4	2953.4,4317.4
.	2951.7,4318.4	2992.6,4318.4
.	2994.1,4319.4	2950.3,4319.4
.	2948.9,4320.4	2995.4,4320.4
.	2996.7,4321.4	2947.7,4321.4
.	2946.6,4322.4	2997.8,4322.4
.	2998.8,4323.4	2945.6,4323.4
.	2944.6,4324.4	2999.8,4324.4
.	3000.6,4325.4	2943.7,4325.4
.	2942.9,4326.4	3001.5,4326.4
.	3002.2,4327.4	2942.1,4327.4
.	2941.4,4328.4	3002.9,4328.4
.	3003.6,4329.4	2940.8,4329.4
.	2940.1,4330.4	3004.2,4330.4
.	3004.8,4331.4	2939.6,4331.4
.	2939,4332.4	3005.4,4332.4
.	3005.9,4333.4	2938.5,4333.4
.	2938,4334.4	3006.3,4334.4
.	3006.8,4335.4	2937.6,4335.4
.	2937.2,4336.4	3007.1,4336.4
.	3007.5,4337.4	2936.9,4337.4
.	2936.5,4338.4	3007.8,4338.4
.	3008.1,4339.4	2936.2,4339.4
.	2936,4340.4	3008.4,4340.4
.	3008.6,4341.4	2935.7,4341.4
.	2935.5,4342.4	3008.9,4342.4
.	3009,4343.4	2935.3,4343.4
.	2935.2,4344.4	3009.2,4344.4
.	3009.3,4345.4	2935.1,4345.4
.	2934.9,4346.4	3009.4,4346.4
.	3009.5,4347.4	2934.9,4347.4
.	2934.8,4348.4	3009.5,4348.4
.	3009.6,4349.4	2934.8,4349.4
.	2934.8,4350.4	3009.6,4350.4
.	3009.6,4351.4	2934.8,4351.4
.	2934.8,4352.4	3009.6,4352.4
.	3009.6,4353.4	2934.8,4353.4
.	2934.8,4354.4	3009.6,4354.4
.	3009.6,4355.4	2934.8,4355.4
.	2934.8,4356.4	3009.6,4356.4
.	3009.6,4357.4	2934.8,4357.4
.	2934.8,4358.4	3009.6,4358.4
.	3009.6,4359.4	2934.8,4359.4
.	2934.8,4360.4	3009.6,4360.4
.	3009.6,4361.4	2934.8,4361.4
.	2934.8,4362.4	3009.6,4362.4
.	3009.6,4363.4	2934.8,4363.4
.	2934.8,4364.4	3009.6,4364.4
.	3009.6,4365.4	2934.8,4365.4
.	2934.8,4366.4	3009.6,4366.4
.	3009.6,4367.4	2934.8,4367.4
.	2934.8,4368.4	3009.6,4368.4
.	3009.6,4369.4	2934.8,4369.4
.	2934.8,4370.4	3009.6,4370.4
.	3009.6,4371.4	2934.8,4371.4
.	2934.8,4372.4	3009.6,4372.4
.	3009.6,4373.4	2934.8,4373.4
.	2934.8,4374.4	3009.6,4374.4
.	3009.6,4375.4	2934.8,4375.4
.	2934.8,4376.4	3009.6,4376.4
.	3009.6,4377.4	2934.8,4377.4
.	2934.8,4378.4	3009.6,4378.4
.	3009.6,4379.4	2934.8,4379.4
.	2934.8,4380.4	3009.6,4380.4
.	3009.6,4381.4	2934.8,4381.4
.	2934.8,4382.4	3009.6,4382.4
.	3009.6,4383.4	2934.8,4383.4
.	2934.8,4384.4	3009.6,4384.4
.	3009.6,4385.4	2934.8,4385.4
.	2934.8,4386.4	3009.6,4386.4
.	3009.6,4387.4	2934.8,4387.4
.	2934.8,4388.4	3009.6,4388.4
.	3009.6,4389.4	2934.8,4389.4
.	2934.8,4390.4	3009.6,4390.4
.	3009.6,4391.4	2934.8,4391.4
.	2934.8,4392.4	3009.6,4392.4
.	3009.6,4393.4	2934.8,4393.4
.	2934.8,4394.4	3009.6,4394.4
.	3009.6,4395.4	2934.8,4395.4
.	2934.8,4396.4	3009.6,4396.4
.	3009.6,4397.4	2934.8,4397.4
.	2934.8,4398.4	3009.6,4398.4
.	3009.6,4399.4	2934.8,4399.4
.	2934.8,4400.4	3009.6,4400.4
.	3009.6,4401.4	2934.8,4401.4
.	2934.8,4402.4	3009.6,4402.4
.	3009.6,4403.4	2934.8,4403.4
.	2934.8,4404.4	3009.6,4404.4
.	3009.6,4405.4	2934.8,4405.4
.	2934.8,4406.4	3009.6,4406.4
.	3009.6,4407.4	2934.8,4407.4
.	2934.8,4408.4	3009.6,4408.4
.	3009.6,4409.4	2934.8,4409.4
.	2934.8,4410.4	3009.6,4410.4
.	3009.6,4411.4	2934.8,4411.4
.	2934.8,4412.4	3009.6,4412.4
.	3009.6,4413.4	2934.8,4413.4
.	2934.8,4414.4	3009.6,4414.4
.	3009.6,4415.4	2934.8,4415.4
.	2934.8,4416.4	3009.6,4416.4
.	3009.6,4417.4	2934.8,4417.4
.	2934.8,4418.4	3009.6,4418.4
.	3009.6,4419.4	2934.8,4419.4
.	2934.8,4420.4	3009.6,4420.4
.	3009.6,4421.4	2934.8,4421.4
.	2934.8,4422.4	3009.6,4422.4
.	3009.6,4423.4	2934.8,4423.4
.	2934.8,4424.4	3009.6,4424.4
.	3009.6,4425.4	2934.8,4425.4
.	2934.8,4426.4	3009.6,4426.4
.	3009.6,4427.4	2934.8,4427.4
.	2934.8,4428.4	3009.6,4428.4
.	3009.6,4429.4	2934.8,4429.4
.	2934.8,4430.4	3009.6,4430.4
.	3009.6,4431.4	2934.8,4431.4
.	2934.8,4432.4	3009.6,4432.4
.	3009.6,4433.4	2934.8,4433.4
.	2934.8,4434.4	3009.6,4434.4
.	3009.6,4435.4	2934.7,4435.4
.	2934.7,4436.4	3009.7,4436.4
.	3009.7,4437.4	2934.7,4437.4
.	2934.6,4438.4	3009.8,4438.4
.	3009.8,4439.4	2934.6,4439.4
.	2934.5,4440.4	3009.9,4440.4
.	3010,4441.4	2934.4,4441.4
.	2934.3,4442.4	3010.1,4442.4
.	3010.1,4443.4	2934.2,4443.4
.	2934.1,4444.4	3010.2,4444.4
.	3010.4,4445.4	2934,4445.4
.	2933.9,4446.4	3010.5,4446.4
.	3010.6,4447.4	2933.8,4447.4
.	2933.6,4448.4	3010.8,4448.4
.	3010.9,4449.4	2933.5,4449.4
.	2933.3,4450.4	3011,4450.4
.	3011.2,4451.4	2933.2,4451.4
.	2933,4452.4	3011.4,4452.4
.	3011.6,4453.4	2932.8,4453.4
.	2932.6,4454.4	3011.7,4454.4
.	3011.9,4455.4	2932.4,4455.4
.	2932.2,4456.4	3012.1,4456.4
.	3012.4,4457.4	2932,4457.4
.	2931.8,4458.4	3012.6,4458.4
.	3012.8,4459.4	2931.6,4459.4
.	2931.3,4460.4	3013,4460.4
.	3013.3,4461.4	2931.1,4461.4
.	2930.8,4462.5	3013.5,4462.5
.	3013.8,4463.5	2930.6,4463.5
.	2930.3,4464.5	3014.1,4464.5
.	3014.4,4465.5	2930,4465.5
.	2929.7,4466.5	3014.7,4466.5
.	3015,4467.5	2929.4,4467.5
.	2929,4468.5	3015.3,4468.5
.	3015.7,4469.5	2928.7,4469.5
.	2928.3,4470.5	3016,4470.5
.	3016.4,4471.5	2928,4471.5
.	2927.6,4472.5	3016.8,4472.5
.	3017.2,4473.5	2927.2,4473.5
.	2926.8,4474.5	3017.6,4474.5
.	3018.1,4475.5	2926.3,4475.5
.	2925.8,4476.5	3018.5,4476.5
.	3019,4477.5	2925.3,4477.5
.	2924.8,4478.5	3019.6,4478.5
.	3020.1,4479.5	2924.2,4479.5
.	2923.6,4480.5	3020.8,4480.5
.	3021.4,4481.5	2922.9,4481.5
.	2922.2,4482.5	3022.1,4482.5
.	3023,4483.5	2921.4,4483.5
.	2920.5,4484.5	3023.9,4484.5
.	3025,4485.5	2919.3,4485.5
.	2917.8,4486.5	3026.6,4486.5

Line	red	1	1	3,0	110490	.	
.	2495.2,4313.4	2477.8,4313.4
.	2474.3,4314.4	2498.7,4314.4
.	2501.4,4315.4	2471.7,4315.4
.	2469.6,4316.4	2503.5,4316.4
.	2505.4,4317.4	2467.7,4317.4
.	2466.1,4318.4	2507,4318.4
.	2508.5,4319.4	2464.6,4319.4
.	2463.3,4320.4	2509.8,4320.4
.	2511,4321.4	2462.1,4321.4
.	2460.9,4322.4	2512.1,4322.4
.	2513.1,4323.4	2459.9,4323.4
.	2459,4324.4	2514.1,4324.4
.	2515,4325.4	2458.1,4325.4
.	2457.2,4326.4	2515.8,4326.4
.	2516.6,4327.4	2456.5,4327.4
.	2455.8,4328.4	2517.3,4328.4
.	2518,4329.4	2455.1,4329.4
.	2454.5,4330.4	2518.6,4330.4
.	2519.2,4331.4	2453.9,4331.4
.	2453.4,4332.4	2519.7,4332.4
.	2520.2,4333.4	2452.9,4333.4
.	2452.4,4334.4	2520.7,4334.4
.	2521.1,4335.4	2452,4335.4
.	2451.6,4336.4	2521.5,4336.4
.	2521.9,4337.4	2451.2,4337.4
.	2450.9,4338.4	2522.2,4338.4
.	2522.5,4339.4	2450.6,4339.4
.	2450.3,4340.4	2522.8,4340.4
.	2523,4341.4	2450.1,4341.4
.	2449.9,4342.4	2523.2,4342.4
.	2523.4,4343.4	2449.7,4343.4
.	2449.5,4344.4	2523.5,4344.4
.	2523.7,4345.4	2449.4,4345.4
.	2449.3,4346.4	2523.8,4346.4
.	2523.8,4347.4	2449.2,4347.4
.	2449.2,4348.4	2523.9,4348.4
.	2523.9,4349.4	2449.1,4349.4
.	2449.1,4350.4	2523.9,4350.4
.	2523.9,4351.4	2449.1,4351.4
.	2449.1,4352.4	2523.9,4352.4
.	2523.9,4353.4	2449.1,4353.4
.	2449.1,4354.4	2523.9,4354.4
.	2523.9,4355.4	2449.1,4355.4
.	2449.1,4356.4	2523.9,4356.4
.	2523.9,4357.4	2449.1,4357.4
.	2449.1,4358.4	2523.9,4358.4
.	2523.9,4359.4	2449.1,4359.4
.	2449.1,4360.4	2523.9,4360.4
.	2523.9,4361.4	2449.1,4361.4
.	2449.1,4362.4	2523.9,4362.4
.	2523.9,4363.4	2449.1,4363.4
.	2449.1,4364.4	2523.9,4364.4
.	2523.9,4365.4	2449.1,4365.4
.	2449.1,4366.4	2523.9,4366.4
.	2523.9,4367.4	2449.1,4367.4
.	2449.1,4368.4	2523.9,4368.4
.	2523.9,4369.4	2449.1,4369.4
.	2449.1,4370.4	2523.9,4370.4
.	2523.9,4371.4	2449.1,4371.4
.	2449.1,4372.4	2523.9,4372.4
.	2523.9,4373.4	2449.1,4373.4
.	2449.1,4374.4	2523.9,4374.4
.	2523.9,4375.4	2449.1,4375.4
.	2449.1,4376.4	2523.9,4376.4
.	2523.9,4377.4	2449.1,4377.4
.	2449.1,4378.4	2523.9,4378.4
.	2523.9,4379.4	2449.1,4379.4
.	2449.1,4380.4	2523.9,4380.4
.	2523.9,4381.4	2449.1,4381.4
.	2449.1,4382.4	2523.9,4382.4
.	2523.9,4383.4	2449.1,4383.4
.	2449.1,4384.4	2523.9,4384.4
.	2523.9,4385.4	2449.1,4385.4
.	2449.1,4386.4	2523.9,4386.4
.	2523.9,4387.4	2449.1,4387.4
.	2449.1,4388.4	2523.9,4388.4
.	2523.9,4389.4	2449.1,4389.4
.	2449.1,4390.4	2523.9,4390.4
.	2523.9,4391.4	2449.1,4391.4
.	2449.1,4392.4	2523.9,4392.4
.	2523.9,4393.4	2449.1,4393.4
.	2449.1,4394.4	2523.9,4394.4
.	2523.9,4395.4	2449.1,4395.4
.	2449.1,4396.4	2523.9,4396.4
.	2523.9,4397.4	2449.1,4397.4
.	2449.1,4398.4	2523.9,4398.4
.	2523.9,4399.4	2449.1,4399.4
.	2449.1,4400.4	2523.9,4400.4
.	2523.9,4401.4	2449.1,4401.4
.	2449.1,4402.4	2523.9,4402.4
.	2523.9,4403.4	2449.1,4403.4
.	2449.1,4404.4	2523.9,4404.4
.	2523.9,4405.4	2449.1,4405.4
.	2449.1,4406.4	2523.9,4406.4
.	2523.9,4407.4	2449.1,4407.4
.	2449.1,4408.4	2523.9,4408.4
.	2523.9,4409.4	2449.1,4409.4
.	2449.1,4410.4	2523.9,4410.4
.	2523.9,4411.4	2449.1,4411.4
.	2449.1,4412.4	2523.9,4412.4
.	2523.9,4413.4	2449.1,4413.4
.	2449.1,4414.4	2523.9,4414.4
.	2523.9,4415.4	2449.1,4415.4
.	2449.1,4416.4	2523.9,4416.4
.	2523.9,4417.4	2449.1,4417.4
.	2449.1,4418.4	2523.9,4418.4
.	2523.9,4419.4	2449.1,4419.4
.	2449.1,4420.4	2523.9,4420.4
.	2523.9,4421.4	2449.1,4421.4
.	2449.1,4422.4	2523.9,4422.4
.	2523.9,4423.4	2449.1,4423.4
.	2449.1,4424.4	2523.9,4424.4
.	2523.9,4425.4	2449.1,4425.4
.	2449.1,4426.4	2523.9,4426.4
.	2523.9,4427.4	2449.1,4427.4
.	2449.1,4428.4	2523.9,4428.4
.	2523.9,4429.4	2449.1,4429.4
.	2449.1,4430.4	2523.9,4430.4
.	2523.9,4431.4	2449.1,4431.4
.	2449.1,4432.4	2523.9,4432.4
.	2523.9,4433.4	2449.1,4433.4
.	2449.1,4434.4	2523.9,4434.4
.	2524,4435.4	2449.1,4435.4
.	2449.1,4436.4	2524,4436.4
.	2524.1,4437.4	2449,4437.4
.	2449,4438.4	2524.1,4438.4
.	2524.2,4439.4	2448.9,4439.4
.	2448.8,4440.4	2524.2,4440.4
.	2524.3,4441.4	2448.8,4441.4
.	2448.7,4442.4	2524.4,4442.4
.	2524.5,4443.4	2448.6,4443.4
.	2448.5,4444.4	2524.6,4444.4
.	2524.7,4445.4	2448.4,4445.4
.	2448.2,4446.4	2524.8,4446.4
.	2525,4447.4	2448.1,4447.4
.	2448,4448.4	2525.1,4448.4
.	2525.2,4449.4	2447.8,4449.4
.	2447.7,4450.4	2525.4,4450.4
.	2525.6,4451.4	2447.5,4451.4
.	2447.4,4452.4	2525.7,4452.4
.	2525.9,4453.4	2447.2,4453.4
.	2447,4454.4	2526.1,4454.4
.	2526.3,4455.4	2446.8,4455.4
.	2446.6,4456.4	2526.5,4456.4
.	2526.7,4457.4	2446.4,4457.4
.	2446.2,4458.4	2526.9,4458.4
.	2527.1,4459.4	2445.9,4459.4
.	2445.7,4460.4	2527.4,4460.4
.	2527.6,4461.4	2445.4,4461.4
.	2445.2,4462.5	2527.9,4462.5
.	2528.2,4463.5	2444.9,4463.5
.	2444.6,4464.5	2528.4,4464.5
.	2528.7,4465.5	2444.3,4465.5
.	2444,4466.5	2529,4466.5
.	2529.4,4467.5	2443.7,4467.5
.	2443.4,4468.5	2529.7,4468.5
.	2530,4469.5	2443.1,4469.5
.	2442.7,4470.5	2530.4,4470.5
.	2530.7,4471.5	2442.3,4471.5
.	2441.9,4472.5	2531.1,4472.5
.	2531.5,4473.5	2441.5,4473.5
.	2441.1,4474.5	2532,4474.5
.	2532.4,4475.5	2440.6,4475.5
.	2440.2,4476.5	2532.9,4476.5
.	2533.4,4477.5	2439.7,4477.5
.	2439.1,4478.5	2533.9,4478.5
.	2534.5,4479.5	2438.6,4479.5
.	2437.9,4480.5	2535.1,4480.5
.	2535.8,4481.5	2437.3,4481.5
.	2436.6,4482.5	2536.5,4482.5
.	2537.3,4483.5	2435.8,4483.5
.	2434.8,4484.5	2538.2,4484.5
.	2539.4,4485.5	2433.7,4485.5
.	2432.1,4486.5	2540.9,4486.5

Line	red	1	1	3,0	110490	.	
.	3138.2,4487.2	2077.1,4487.2
.	2068.1,4488.2	3147.3,4488.2
.	3152.6,4489.2	2062.7,4489.2
.	2058.5,4490.2	3156.9,4490.2
.	3160.4,4491.2	2054.9,4491.2
.	2051.7,4492.2	3163.6,4492.2
.	3166.5,4493.2	2048.8,4493.2
.	2046.2,4494.2	3169.2,4494.2
.	3171.7,4495.2	2043.7,4495.2
.	2041.3,4496.2	3174,4496.2
.	3176.2,4497.2	2039.1,4497.2
.	2037,4498.2	3178.4,4498.2
.	3180.4,4499.2	2035,4499.2
.	2032.9,4500.2	3182.5,4500.2
.	3184.8,4501.2	2030.6,4501.2
.	2027.9,4502.2	3187.4,4502.2
.	3190.4,4503.2	2024.9,4503.2
.	2021.5,4504.2	3193.9,4504.2
.	3197.9,4505.2	2017.5,4505.2
.	2012.9,4506.2	3202.5,4506.2

Line	red	1	1	3,0	110490	.	
.	3732.2,4507.2	1483.1,4507.2
.	1483.1,4508.2	3732.2,4508.2
.	3732.2,4509.2	1483.1,4509.2
.	1483.1,4510.2	3732.2,4510.2
.	3732.2,4511.2	1483.1,4511.2
.	1483.1,4512.2	3732.2,4512.2
.	3732.2,4513.2	1483.1,4513.2
.	1483.1,4514.2	3732.2,4514.2
.	3732.2,4515.2	1483.1,4515.2
.	1483.1,4516.2	3732.2,4516.2
.	3732.2,4517.2	1483.1,4517.2
.	1483.1,4518.2	3732.2,4518.2
.	3732.2,4519.2	1483.1,4519.2
.	1483.1,4520.2	3732.2,4520.2
.	3732.2,4521.2	1483.1,4521.2
.	1483.1,4522.2	3732.2,4522.2
.	3732.2,4523.2	1483.1,4523.2
.	1483.1,4524.2	3732.2,4524.2
.	3732.2,4525.2	1483.1,4525.2
.	1483.1,4526.2	3732.2,4526.2
.	3732.2,4527.2	1483.1,4527.2
.	1483.1,4528.2	3732.2,4528.2
.	3732.2,4529.2	1483.1,4529.2
.	1483.1,4530.2	3732.2,4530.2
.	3732.2,4531.2	1483.1,4531.2
.	1483.1,4532.2	3732.2,4532.2
.	3732.2,4533.2	1483.1,4533.2
.	1483.1,4534.2	3732.2,4534.2
.	3732.2,4535.2	1483.1,4535.2
.	1483.1,4536.2	3732.2,4536.2
.	3732.2,4537.2	1483.1,4537.2
.	1483.1,4538.2	3732.2,4538.2
.	3732.2,4539.2	1483.1,4539.2
.	1483.1,4540.2	3732.2,4540.2
.	3732.2,4541.2	1483.1,4541.2
.	1483.1,4542.2	3732.2,4542.2
.	3732.2,4543.2	1483.1,4543.2
.	1483.1,4544.2	3732.2,4544.2
.	3732.2,4545.2	1483.1,4545.2
.	1483.1,4546.2	3732.2,4546.2
.	3732.2,4547.2	1483.1,4547.2
.	1483.1,4548.2	3732.2,4548.2
.	3732.2,4549.2	1483.1,4549.2
.	1483.1,4550.2	3732.2,4550.2
.	3732.2,4551.2	1483.1,4551.2
.	1483.1,4552.2	3732.2,4552.2
.	3732.2,4553.2	1483.1,4553.2
.	1483.1,4554.2	3732.2,4554.2
.	3732.2,4555.2	1483.1,4555.2
.	1483.1,4556.2	3732.2,4556.2
.	3732.2,4557.3	1483.1,4557.3
.	1483.1,4558.3	3732.2,4558.3
.	3732.2,4559.3	1483.1,4559.3
.	1483.1,4560.3	3732.2,4560.3
.	3732.2,4561.3	1483.1,4561.3
.	1483.1,4562.3	3732.2,4562.3
.	3732.2,4563.3	1483.1,4563.3
.	1483.1,4564.3	3732.2,4564.3
.	3732.2,4565.3	1483.1,4565.3
.	1483.1,4566.3	3732.2,4566.3
.	3732.2,4567.3	1483.1,4567.3
.	1483.1,4568.3	3732.2,4568.3
.	3732.2,4569.3	1483.1,4569.3
.	1483.1,4570.3	3732.2,4570.3
.	3732.2,4571.3	1483.1,4571.3
.	1483.1,4572.3	3732.2,4572.3
.	3732.2,4573.3	1483.1,4573.3
.	1483.1,4574.3	3732.2,4574.3
.	3732.2,4575.3	1483.1,4575.3
.	1483.1,4576.3	3732.2,4576.3
.	3732.2,4577.3	1483.1,4577.3
.	1483.1,4578.3	3732.2,4578.3
.	3732.2,4579.3	1483.1,4579.3
.	1483.1,4580.3	3732.2,4580.3
.	3732.2,4581.3	1483.1,4581.3
.	1483.1,4582.3	3732.2,4582.3
.	3732.2,4583.3	1483.1,4583.3
.	1483.1,4584.3	3732.2,4584.3
.	3732.2,4585.3	1483.1,4585.3
.	1483.1,4586.3	3732.2,4586.3
.	3732.2,4587.3	1483.1,4587.3
.	1483.1,4588.3	3732.2,4588.3
.	3732.2,4589.3	1483.1,4589.3
.	1483.1,4590.3	3732.2,4590.3
.	3732.2,4591.3	1483.1,4591.3
.	1483.1,4592.3	3732.2,4592.3
.	3732.2,4593.3	1483.1,4593.3
.	1483.1,4594.3	3732.2,4594.3
.	3732.2,4595.3	1483.1,4595.3
.	1483.1,4596.3	3732.2,4596.3
.	3732.2,4597.3	1483.1,4597.3
.	1483.1,4598.3	3732.2,4598.3
.	3732.2,4599.3	1483.1,4599.3
.	1483.1,4600.3	3732.2,4600.3
.	3732.2,4601.3	1483.1,4601.3
.	1483.1,4602.3	3732.2,4602.3
.	3732.2,4603.3	1483.1,4603.3
.	1483.1,4604.3	3732.2,4604.3
.	3732.2,4605.3	1483.1,4605.3
.	1483.1,4606.3	3732.2,4606.3
.	3732.2,4607.3	1483.1,4607.3
.	1483.1,4608.3	3732.2,4608.3
.	3732.2,4609.3	1483.1,4609.3
.	1483.1,4610.3	3732.2,4610.3
.	3732.2,4611.3	1483.1,4611.3
.	1483.1,4612.3	3732.2,4612.3
.	3732.2,4613.3	1483.1,4613.3
.	1483.1,4614.3	3732.2,4614.3
.	3732.2,4615.3	1483.1,4615.3
.	1483.1,4616.3	3732.2,4616.3
.	3732.2,4617.3	1483.1,4617.3
.	1483.1,4618.3	3732.2,4618.3
.	3732.2,4619.3	1483.1,4619.3
.	1483.1,4620.3	3732.2,4620.3
.	3732.2,4621.3	1483.1,4621.3
.	1483.1,4622.3	3732.2,4622.3
.	3732.2,4623.3	1483.1,4623.3
.	1483.1,4624.3	3732.2,4624.3
.	3732.2,4625.3	1483.1,4625.3
.	1483.1,4626.3	3732.2,4626.3
.	3732.2,4627.3	1483.1,4627.3
.	1483.1,4628.3	3732.2,4628.3
.	3732.2,4629.3	1483.1,4629.3
.	1483.1,4630.3	3732.2,4630.3
.	3732.2,4631.3	1483.1,4631.3
.	1483.1,4632.3	3732.2,4632.3
.	3732.2,4633.3	1483.1,4633.3
.	1483.1,4634.3	3732.2,4634.3
.	3732.2,4635.3	1483.1,4635.3
.	1483.1,4636.3	3732.2,4636.3
.	3732.2,4637.3	1483.1,4637.3
.	1483.1,4638.3	3732.2,4638.3
.	3732.2,4639.3	1483.1,4639.3
.	1483.1,4640.3	3732.2,4640.3
.	3732.2,4641.3	1483.1,4641.3
.	1483.1,4642.3	3732.2,4642.3
.	3732.2,4643.3	1483.1,4643.3
.	1483.1,4644.3	3732.2,4644.3
.	3732.2,4645.3	1483.1,4645.3
.	1483.1,4646.3	3732.2,4646.3
.	3732.2,4647.3	1483.1,4647.3
.	1483.1,4648.3	3732.2,4648.3
.	3732.2,4649.3	1483.1,4649.3
.	1483.1,4650.3	3732.2,4650.3
.	3732.2,4651.3	1483.1,4651.3
.	1483.1,4652.3	3732.2,4652.3
.	3732.2,4653.3	1483.1,4653.3
.	1483.1,4654.3	3732.2,4654.3
.	3732.2,4655.3	1483.1,4655.3
.	1483.1,4656.3	3732.2,4656.3
.	3732.2,4657.3	1483.1,4657.3
.	1483.1,4658.3	3732.2,4658.3
.	3732.2,4659.3	1483.1,4659.3
.	1483.1,4660.3	3732.2,4660.3
.	3732.2,4661.3	1483.1,4661.3

Line	red	1	1	3,0	110490	.	
.	3205.5,4662.3	2009.9,4662.3
.	2015,4663.3	3200.4,4663.3
.	3196,4664.3	2019.4,4664.3
.	2023.2,4665.3	3192.2,4665.3
.	3188.9,4666.3	2026.5,4666.3
.	2029.3,4667.3	3186.1,4667.3
.	3183.5,4668.3	2031.8,4668.3
.	2034.1,4669.3	3181.3,4669.3
.	3179.2,4670.3	2036.2,4670.3
.	2038.2,4671.3	3177.2,4671.3
.	3175.1,4672.3	2040.3,4672.3
.	2042.6,4673.3	3172.8,4673.3
.	3170.4,4674.3	2044.9,4674.3
.	2047.4,4675.3	3167.9,4675.3
.	3165.2,4676.3	2050.2,4676.3
.	2053.2,4677.3	3162.1,4677.3
.	3158.8,4678.3	2056.6,4678.3
.	2060.4,4679.3	3155,4679.3
.	3150.4,4680.3	2065,4680.3
.	2071.3,4681.3	3144,4681.3

Line	red	1	1	3,0	110490	.	
.	2542.3,4682.1	2430.8,4682.1
.	2432.9,4683.1	2540.2,4683.1
.	2538.8,4684.1	2434.2,4684.1
.	2435.3,4685.1	2537.8,4685.1
.	2536.9,4686.1	2436.1,4686.1
.	2436.9,4687.1	2536.2,4687.1
.	2535.5,4688.1	2437.6,4688.1
.	2438.2,4689.1	2534.8,4689.1
.	2534.2,4690.1	2438.8,4690.1
.	2439.4,4691.1	2533.7,4691.1
.	2533.2,4692.1	2439.9,4692.1
.	2440.4,4693.1	2532.7,4693.1
.	2532.2,4694.1	2440.9,4694.1
.	2441.3,4695.1	2531.8,4695.1
.	2531.4,4696.1	2441.7,4696.1
.	2442.1,4697.1	2530.9,4697.1
.	2530.6,4698.1	2442.5,4698.1
.	2442.9,4699.1	2530.2,4699.1
.	2529.9,4700.1	2443.2,4700.1
.	2443.5,4701.1	2529.5,4701.1
.	2529.2,4702.1	2443.9,4702.1
.	2444.2,4703.1	2528.9,4703.1
.	2528.6,4704.1	2444.5,4704.1
.	2444.8,4705.1	2528.3,4705.1
.	2528,4706.1	2445,4706.1
.	2445.3,4707.1	2527.8,4707.1
.	2527.5,4708.1	2445.6,4708.1
.	2445.8,4709.1	2527.3,4709.1
.	2527,4710.1	2446,4710.1
.	2446.3,4711.1	2526.8,4711.1
.	2526.6,4712.1	2446.5,4712.1
.	2446.7,4713.1	2526.4,4713.1
.	2526.2,4714.1	2446.9,4714.1
.	2447.1,4715.1	2526,4715.1
.	2525.8,4716.1	2447.2,4716.1
.	2447.4,4717.1	2525.6,4717.1
.	2525.5,4718.1	2447.6,4718.1
.	2447.7,4719.1	2525.3,4719.1
.	2525.2,4720.1	2447.9,4720.1
.	2448,4721.1	2525,4721.1
.	2524.9,4722.1	2448.2,4722.1
.	2448.3,4723.1	2524.8,4723.1
.	2524.7,4724.1	2448.4,4724.1
.	2448.5,4725.1	2524.6,4725.1
.	2524.5,4726.1	2448.6,4726.1
.	2448.7,4727.1	2524.4,4727.1
.	2524.3,4728.1	2448.8,4728.1
.	2448.9,4729.1	2524.2,4729.1
.	2524.1,4730.1	2448.9,4730.1
.	2449,4731.1	2524.1,4731.1
.	2524,4732.1	2449,4732.1
.	2449.1,4733.1	2524,4733.1
.	2524,4734.1	2449.1,4734.1
.	2449.1,4735.1	2523.9,4735.1
.	2523.9,4736.1	2449.1,4736.1
.	2449.1,4737.1	2523.9,4737.1
.	2523.9,4738.1	2449.1,4738.1
.	2449.1,4739.1	2523.9,4739.1
.	2523.9,4740.1	2449.1,4740.1
.	2449.1,4741.1	2523.9,4741.1
.	2523.9,4742.1	2449.1,4742.1
.	2449.1,4743.1	2523.9,4743.1
.	2523.9,4744.1	2449.1,4744.1
.	2449.1,4745.1	2523.9,4745.1
.	2523.9,4746.1	2449.1,4746.1
.	2449.1,4747.1	2523.9,4747.1
.	2523.9,4748.1	2449.1,4748.1
.	2449.1,4749.1	2523.9,4749.1
.	2523.9,4750.1	2449.1,4750.1
.	2449.1,4751.1	2523.9,4751.1
.	2523.9,4752.1	2449.1,4752.1
.	2449.1,4753.1	2523.9,4753.1
.	2523.9,4754.1	2449.1,4754.1
.	2449.1,4755.1	2523.9,4755.1
.	2523.9,4756.1	2449.1,4756.1
.	2449.1,4757.1	2523.9,4757.1
.	2523.9,4758.1	2449.1,4758.1
.	2449.1,4759.1	2523.9,4759.1
.	2523.9,4760.1	2449.1,4760.1
.	2449.1,4761.1	2523.9,4761.1
.	2523.9,4762.1	2449.1,4762.1
.	2449.1,4763.1	2523.9,4763.1
.	2523.9,4764.1	2449.1,4764.1
.	2449.1,4765.1	2523.9,4765.1
.	2523.9,4766.1	2449.1,4766.1
.	2449.1,4767.1	2523.9,4767.1
.	2523.9,4768.1	2449.1,4768.1
.	2449.1,4769.1	2523.9,4769.1
.	2523.9,4770.1	2449.1,4770.1
.	2449.1,4771.1	2523.9,4771.1
.	2523.9,4772.1	2449.1,4772.1
.	2449.1,4773.1	2523.9,4773.1
.	2523.9,4774.1	2449.1,4774.1
.	2449.1,4775.1	2523.9,4775.1
.	2523.9,4776.1	2449.1,4776.1
.	2449.1,4777.1	2523.9,4777.1
.	2523.9,4778.1	2449.1,4778.1
.	2449.1,4779.1	2523.9,4779.1
.	2523.9,4780.1	2449.1,4780.1
.	2449.1,4781.1	2523.9,4781.1
.	2523.9,4782.1	2449.1,4782.1
.	2449.1,4783.1	2523.9,4783.1
.	2523.9,4784.1	2449.1,4784.1
.	2449.1,4785.1	2523.9,4785.1
.	2523.9,4786.1	2449.1,4786.1
.	2449.1,4787.1	2523.9,4787.1
.	2523.9,4788.1	2449.1,4788.1
.	2449.1,4789.1	2523.9,4789.1
.	2523.9,4790.1	2449.1,4790.1
.	2449.1,4791.1	2523.9,4791.1
.	2523.9,4792.1	2449.1,4792.1
.	2449.1,4793.1	2523.9,4793.1
.	2523.9,4794.1	2449.1,4794.1
.	2449.1,4795.2	2523.9,4795.2
.	2523.9,4796.2	2449.1,4796.2
.	2449.1,4797.2	2523.9,4797.2
.	2523.9,4798.2	2449.1,4798.2
.	2449.1,4799.2	2523.9,4799.2
.	2523.9,4800.2	2449.1,4800.2
.	2449.1,4801.2	2523.9,4801.2
.	2523.9,4802.2	2449.1,4802.2
.	2449.1,4803.2	2523.9,4803.2
.	2523.9,4804.2	2449.1,4804.2
.	2449.1,4805.2	2523.9,4805.2
.	2523.9,4806.2	2449.1,4806.2
.	2449.1,4807.2	2523.9,4807.2
.	2523.9,4808.2	2449.1,4808.2
.	2449.1,4809.2	2523.9,4809.2
.	2523.9,4810.2	2449.1,4810.2
.	2449.1,4811.2	2523.9,4811.2
.	2523.9,4812.2	2449.1,4812.2
.	2449.1,4813.2	2523.9,4813.2
.	2523.9,4814.2	2449.1,4814.2
.	2449.1,4815.2	2523.9,4815.2
.	2523.9,4816.2	2449.1,4816.2
.	2449.1,4817.2	2523.9,4817.2
.	2523.9,4818.2	2449.1,4818.2
.	2449.1,4819.2	2523.9,4819.2
.	2523.9,4820.2	2449.2,4820.2
.	2449.2,4821.2	2523.9,4821.2
.	2523.8,4822.2	2449.2,4822.2
.	2449.3,4823.2	2523.7,4823.2
.	2523.6,4824.2	2449.4,4824.2
.	2449.6,4825.2	2523.5,4825.2
.	2523.3,4826.2	2449.8,4826.2
.	2449.9,4827.2	2523.1,4827.2
.	2522.9,4828.2	2450.2,4828.2
.	2450.4,4829.2	2522.6,4829.2
.	2522.4,4830.2	2450.7,4830.2
.	2451,4831.2	2522.1,4831.2
.	2521.7,4832.2	2451.4,4832.2
.	2451.7,4833.2	2521.3,4833.2
.	2520.9,4834.2	2452.1,4834.2
.	2452.6,4835.2	2520.5,4835.2
.	2520,4836.2	2453.1,4836.2
.	2453.6,4837.2	2519.5,4837.2
.	2518.9,4838.2	2454.1,4838.2
.	2454.7,4839.2	2518.3,4839.2
.	2517.7,4840.2	2455.4,4840.2
.	2456.1,4841.2	2517,4841.2
.	2516.3,4842.2	2456.8,4842.2
.	2457.6,4843.2	2515.4,4843.2
.	2514.6,4844.2	2458.5,4844.2
.	2459.4,4845.2	2513.7,4845.2
.	2512.7,4846.2	2460.4,4846.2
.	2461.4,4847.2	2511.6,4847.2
.	2510.5,4848.2	2462.6,4848.2
.	2463.9,4849.2	2509.2,4849.2
.	2507.8,4850.2	2465.2,4850.2
.	2466.8,4851.2	2506.3,4851.2
.	2504.6,4852.2	2468.5,4852.2
.	2470.5,4853.2	2502.6,4853.2
.	2500.3,4854.2	2472.8,4854.2
.	2475.7,4855.2	2497.3,4855.2

Line	red	1	1	3,0	110490	.	
.	3027.9,4682.1	2916.4,4682.1
.	2918.6,4683.1	3025.8,4683.1
.	3024.5,4684.1	2919.9,4684.1
.	2920.9,4685.1	3023.5,4685.1
.	3022.6,4686.1	2921.8,4686.1
.	2922.6,4687.1	3021.8,4687.1
.	3021.1,4688.1	2923.3,4688.1
.	2923.9,4689.1	3020.5,4689.1
.	3019.9,4690.1	2924.5,4690.1
.	2925,4691.1	3019.3,4691.1
.	3018.8,4692.1	2925.6,4692.1
.	2926,4693.1	3018.3,4693.1
.	3017.9,4694.1	2926.5,4694.1
.	2926.9,4695.1	3017.4,4695.1
.	3017,4696.1	2927.4,4696.1
.	2927.8,4697.1	3016.6,4697.1
.	3016.2,4698.1	2928.1,4698.1
.	2928.5,4699.1	3015.9,4699.1
.	3015.5,4700.1	2928.9,4700.1
.	2929.2,4701.1	3015.2,4701.1
.	3014.9,4702.1	2929.5,4702.1
.	2929.8,4703.1	3014.6,4703.1
.	3014.2,4704.1	2930.1,4704.1
.	2930.4,4705.1	3014,4705.1
.	3013.7,4706.1	2930.7,4706.1
.	2930.9,4707.1	3013.4,4707.1
.	3013.2,4708.1	2931.2,4708.1
.	2931.4,4709.1	3012.9,4709.1
.	3012.7,4710.1	2931.7,4710.1
.	2931.9,4711.1	3012.5,4711.1
.	3012.2,4712.1	2932.1,4712.1
.	2932.3,4713.1	3012,4713.1
.	3011.8,4714.1	2932.5,4714.1
.	2932.7,4715.1	3011.6,4715.1
.	3011.5,4716.1	2932.9,4716.1
.	2933.1,4717.1	3011.3,4717.1
.	3011.1,4718.1	2933.2,4718.1
.	2933.4,4719.1	3011,4719.1
.	3010.8,4720.1	2933.5,4720.1
.	2933.7,4721.1	3010.7,4721.1
.	3010.6,4722.1	2933.8,4722.1
.	2933.9,4723.1	3010.4,4723.1
.	3010.3,4724.1	2934.1,4724.1
.	2934.2,4725.1	3010.2,4725.1
.	3010.1,4726.1	2934.3,4726.1
.	2934.4,4727.1	3010,4727.1
.	3009.9,4728.1	2934.4,4728.1
.	2934.5,4729.1	3009.9,4729.1
.	3009.8,4730.1	2934.6,4730.1
.	2934.6,4731.1	3009.7,4731.1
.	3009.7,4732.1	2934.7,4732.1
.	2934.7,4733.1	3009.6,4733.1
.	3009.6,4734.1	2934.8,4734.1
.	2934.8,4735.1	3009.6,4735.1
.	3009.6,4736.1	2934.8,4736.1
.	2934.8,4737.1	3009.6,4737.1
.	3009.6,4738.1	2934.8,4738.1
.	2934.8,4739.1	3009.6,4739.1
.	3009.6,4740.1	2934.8,4740.1
.	2934.8,4741.1	3009.6,4741.1
.	3009.6,4742.1	2934.8,4742.1
.	2934.8,4743.1	3009.6,4743.1
.	3009.6,4744.1	2934.8,4744.1
.	2934.8,4745.1	3009.6,4745.1
.	3009.6,4746.1	2934.8,4746.1
.	2934.8,4747.1	3009.6,4747.1
.	3009.6,4748.1	2934.8,4748.1
.	2934.8,4749.1	3009.6,4749.1
.	3009.6,4750.1	2934.8,4750.1
.	2934.8,4751.1	3009.6,4751.1
.	3009.6,4752.1	2934.8,4752.1
.	2934.8,4753.1	3009.6,4753.1
.	3009.6,4754.1	2934.8,4754.1
.	2934.8,4755.1	3009.6,4755.1
.	3009.6,4756.1	2934.8,4756.1
.	2934.8,4757.1	3009.6,4757.1
.	3009.6,4758.1	2934.8,4758.1
.	2934.8,4759.1	3009.6,4759.1
.	3009.6,4760.1	2934.8,4760.1
.	2934.8,4761.1	3009.6,4761.1
.	3009.6,4762.1	2934.8,4762.1
.	2934.8,4763.1	3009.6,4763.1
.	3009.6,4764.1	2934.8,4764.1
.	2934.8,4765.1	3009.6,4765.1
.	3009.6,4766.1	2934.8,4766.1
.	2934.8,4767.1	3009.6,4767.1
.	3009.6,4768.1	2934.8,4768.1
.	2934.8,4769.1	3009.6,4769.1
.	3009.6,4770.1	2934.8,4770.1
.	2934.8,4771.1	3009.6,4771.1
.	3009.6,4772.1	2934.8,4772.1
.	2934.8,4773.1	3009.6,4773.1
.	3009.6,4774.1	2934.8,4774.1
.	2934.8,4775.1	3009.6,4775.1
.	3009.6,4776.1	2934.8,4776.1
.	2934.8,4777.1	3009.6,4777.1
.	3009.6,4778.1	2934.8,4778.1
.	2934.8,4779.1	3009.6,4779.1
.	3009.6,4780.1	2934.8,4780.1
.	2934.8,4781.1	3009.6,4781.1
.	3009.6,4782.1	2934.8,4782.1
.	2934.8,4783.1	3009.6,4783.1
.	3009.6,4784.1	2934.8,4784.1
.	2934.8,4785.1	3009.6,4785.1
.	3009.6,4786.1	2934.8,4786.1
.	2934.8,4787.1	3009.6,4787.1
.	3009.6,4788.1	2934.8,4788.1
.	2934.8,4789.1	3009.6,4789.1
.	3009.6,4790.1	2934.8,4790.1
.	2934.8,4791.1	3009.6,4791.1
.	3009.6,4792.1	2934.8,4792.1
.	2934.8,4793.1	3009.6,4793.1
.	3009.6,4794.1	2934.8,4794.1
.	2934.8,4795.2	3009.6,4795.2
.	3009.6,4796.2	2934.8,4796.2
.	2934.8,4797.2	3009.6,4797.2
.	3009.6,4798.2	2934.8,4798.2
.	2934.8,4799.2	3009.6,4799.2
.	3009.6,4800.2	2934.8,4800.2
.	2934.8,4801.2	3009.6,4801.2
.	3009.6,4802.2	2934.8,4802.2
.	2934.8,4803.2	3009.6,4803.2
.	3009.6,4804.2	2934.8,4804.2
.	2934.8,4805.2	3009.6,4805.2
.	3009.6,4806.2	2934.8,4806.2
.	2934.8,4807.2	3009.6,4807.2
.	3009.6,4808.2	2934.8,4808.2
.	2934.8,4809.2	3009.6,4809.2
.	3009.6,4810.2	2934.8,4810.2
.	2934.8,4811.2	3009.6,4811.2
.	3009.6,4812.2	2934.8,4812.2
.	2934.8,4813.2	3009.6,4813.2
.	3009.6,4814.2	2934.8,4814.2
.	2934.8,4815.2	3009.6,4815.2
.	3009.6,4816.2	2934.8,4816.2
.	2934.8,4817.2	3009.6,4817.2
.	3009.6,4818.2	2934.8,4818.2
.	2934.8,4819.2	3009.6,4819.2
.	3009.6,4820.2	2934.8,4820.2
.	2934.8,4821.2	3009.5,4821.2
.	3009.5,4822.2	2934.9,4822.2
.	2935,4823.2	3009.4,4823.2
.	3009.3,4824.2	2935.1,4824.2
.	2935.2,4825.2	3009.1,4825.2
.	3009,4826.2	2935.4,4826.2
.	2935.6,4827.2	3008.8,4827.2
.	3008.5,4828.2	2935.8,4828.2
.	2936.1,4829.2	3008.3,4829.2
.	3008,4830.2	2936.4,4830.2
.	2936.7,4831.2	3007.7,4831.2
.	3007.4,4832.2	2937,4832.2
.	2937.4,4833.2	3007,4833.2
.	3006.6,4834.2	2937.8,4834.2
.	2938.2,4835.2	3006.1,4835.2
.	3005.6,4836.2	2938.7,4836.2
.	2939.2,4837.2	3005.1,4837.2
.	3004.6,4838.2	2939.8,4838.2
.	2940.4,4839.2	3004,4839.2
.	3003.3,4840.2	2941,4840.2
.	2941.7,4841.2	3002.6,4841.2
.	3001.9,4842.2	2942.5,4842.2
.	2943.3,4843.2	3001.1,4843.2
.	3000.2,4844.2	2944.1,4844.2
.	2945,4845.2	2999.3,4845.2
.	2998.3,4846.2	2946,4846.2
.	2947.1,4847.2	2997.3,4847.2
.	2996.1,4848.2	2948.2,4848.2
.	2949.5,4849.2	2994.9,4849.2
.	2993.5,4850.2	2950.9,4850.2
.	2952.4,4851.2	2991.9,4851.2
.	2990.2,4852.2	2954.2,4852.2
.	2956.1,4853.2	2988.2,4853.2
.	2985.9,4854.2	2958.4,4854.2
.	2961.4,4855.2	2983,4855.2
.	2978.7,4856.2	2965.6,4856.2

Line	red	1	1	3,0	110490	.	
.	2785.3,4682.1	2673.8,4682.1
.	2675.9,4683.1	2783.2,4683.1
.	2781.8,4684.1	2677.2,4684.1
.	2678.3,4685.1	2780.8,4685.1
.	2779.9,4686.1	2679.1,4686.1
.	2679.9,4687.1	2779.2,4687.1
.	2778.5,4688.1	2680.6,4688.1
.	2681.2,4689.1	2777.8,4689.1
.	2777.2,4690.1	2681.8,4690.1
.	2682.4,4691.1	2776.7,4691.1
.	2776.2,4692.1	2682.9,4692.1
.	2683.4,4693.1	2775.7,4693.1
.	2775.2,4694.1	2683.9,4694.1
.	2684.3,4695.1	2774.8,4695.1
.	2774.4,4696.1	2684.7,4696.1
.	2685.1,4697.1	2773.9,4697.1
.	2773.6,4698.1	2685.5,4698.1
.	2685.9,4699.1	2773.2,4699.1
.	2772.9,4700.1	2686.2,4700.1
.	2686.5,4701.1	2772.5,4701.1
.	2772.2,4702.1	2686.9,4702.1
.	2687.2,4703.1	2771.9,4703.1
.	2771.6,4704.1	2687.5,4704.1
.	2687.8,4705.1	2771.3,4705.1
.	2771,4706.1	2688,4706.1
.	2688.3,4707.1	2770.8,4707.1
.	2770.5,4708.1	2688.6,4708.1
.	2688.8,4709.1	2770.3,4709.1
.	2770,4710.1	2689,4710.1
.	2689.3,4711.1	2769.8,4711.1
.	2769.6,4712.1	2689.5,4712.1
.	2689.7,4713.1	2769.4,4713.1
.	2769.2,4714.1	2689.9,4714.1
.	2690.1,4715.1	2769,4715.1
.	2768.8,4716.1	2690.2,4716.1
.	2690.4,4717.1	2768.6,4717.1
.	2768.5,4718.1	2690.6,4718.1
.	2690.7,4719.1	2768.3,4719.1
.	2768.2,4720.1	2690.9,4720.1
.	2691,4721.1	2768,4721.1
.	2767.9,4722.1	2691.2,4722.1
.	2691.3,4723.1	2767.8,4723.1
.	2767.7,4724.1	2691.4,4724.1
.	2691.5,4725.1	2767.6,4725.1
.	2767.5,4726.1	2691.6,4726.1
.	2691.7,4727.1	2767.4,4727.1
.	2767.3,4728.1	2691.8,4728.1
.	2691.9,4729.1	2767.2,4729.1
.	2767.1,4730.1	2691.9,4730.1
.	2692,4731.1	2767.1,4731.1
.	2767,4732.1	2692,4732.1
.	2692.1,4733.1	2767,4733.1
.	2767,4734.1	2692.1,4734.1
.	2692.1,4735.1	2766.9,4735.1
.	2766.9,4736.1	2692.1,4736.1
.	2692.1,4737.1	2766.9,4737.1
.	2766.9,4738.1	2692.1,4738.1
.	2692.1,4739.1	2766.9,4739.1
.	2766.9,4740.1	2692.1,4740.1
.	2692.1,4741.1	2766.9,4741.1
.	2766.9,4742.1	2692.1,4742.1
.	2692.1,4743.1	2766.9,4743.1
.	2766.9,4744.1	2692.1,4744.1
.	2692.1,4745.1	2766.9,4745.1
.	2766.9,4746.1	2692.1,4746.1
.	2692.1,4747.1	2766.9,4747.1
.	2766.9,4748.1	2692.1,4748.1
.	2692.1,4749.1	2766.9,4749.1
.	2766.9,4750.1	2692.1,4750.1
.	2692.1,4751.1	2766.9,4751.1
.	2766.9,4752.1	2692.1,4752.1
.	2692.1,4753.1	2766.9,4753.1
.	2766.9,4754.1	2692.1,4754.1
.	2692.1,4755.1	2766.9,4755.1
.	2766.9,4756.1	2692.1,4756.1
.	2692.1,4757.1	2766.9,4757.1
.	2766.9,4758.1	2692.1,4758.1
.	2692.1,4759.1	2766.9,4759.1
.	2766.9,4760.1	2692.1,4760.1
.	2692.1,4761.1	2766.9,4761.1
.	2766.9,4762.1	2692.1,4762.1
.	2692.1,4763.1	2766.9,4763.1
.	2766.9,4764.1	2692.1,4764.1
.	2692.1,4765.1	2766.9,4765.1
.	2766.9,4766.1	2692.1,4766.1
.	2692.1,4767.1	2766.9,4767.1
.	2766.9,4768.1	2692.1,4768.1
.	2692.1,4769.1	2766.9,4769.1
.	2766.9,4770.1	2692.1,4770.1
.	2692.1,4771.1	2766.9,4771.1
.	2766.9,4772.1	2692.1,4772.1
.	2692.1,4773.1	2766.9,4773.1
.	2766.9,4774.1	2692.1,4774.1
.	2692.1,4775.1	2766.9,4775.1
.	2766.9,4776.1	2692.1,4776.1
.	2692.1,4777.1	2766.9,4777.1
.	2766.9,4778.1	2692.1,4778.1
.	2692.1,4779.1	2766.9,4779.1
.	2766.9,4780.1	2692.1,4780.1
.	2692.1,4781.1	2766.9,4781.1
.	2766.9,4782.1	2692.1,4782.1
.	2692.1,4783.1	2766.9,4783.1
.	2766.9,4784.1	2692.1,4784.1
.	2692.1,4785.1	2766.9,4785.1
.	2766.9,4786.1	2692.1,4786.1
.	2692.1,4787.1	2766.9,4787.1
.	2766.9,4788.1	2692.1,4788.1
.	2692.1,4789.1	2766.9,4789.1
.	2766.9,4790.1	2692.1,4790.1
.	2692.1,4791.1	2766.9,4791.1
.	2766.9,4792.1	2692.1,4792.1
.	2692.1,4793.1	2766.9,4793.1
.	2766.9,4794.1	2692.1,4794.1
.	2692.1,4795.2	2766.9,4795.2
.	2766.9,4796.2	2692.1,4796.2
.	2692.1,4797.2	2766.9,4797.2
.	2766.9,4798.2	2692.1,4798.2
.	2692.1,4799.2	2766.9,4799.2
.	2766.9,4800.2	2692.1,4800.2
.	2692.1,4801.2	2766.9,4801.2
.	2766.9,4802.2	2692.1,4802.2
.	2692.1,4803.2	2766.9,4803.2
.	2766.9,4804.2	2692.1,4804.2
.	2692.1,4805.2	2766.9,4805.2
.	2766.9,4806.2	2692.1,4806.2
.	2692.1,4807.2	2766.9,4807.2
.	2766.9,4808.2	2692.1,4808.2
.	2692.1,4809.2	2766.9,4809.2
.	2766.9,4810.2	2692.1,4810.2
.	2692.1,4811.2	2766.9,4811.2
.	2766.9,4812.2	2692.1,4812.2
.	2692.1,4813.2	2766.9,4813.2
.	2766.9,4814.2	2692.1,4814.2
.	2692.1,4815.2	2766.9,4815.2
.	2766.9,4816.2	2692.1,4816.2
.	2692.1,4817.2	2766.9,4817.2
.	2766.9,4818.2	2692.1,4818.2
.	2692.1,4819.2	2766.9,4819.2
.	2766.9,4820.2	2692.2,4820.2
.	2692.2,4821.2	2766.9,4821.2
.	2766.8,4822.2	2692.2,4822.2
.	2692.3,4823.2	2766.7,4823.2
.	2766.6,4824.2	2692.4,4824.2
.	2692.6,4825.2	2766.5,4825.2
.	2766.3,4826.2	2692.8,4826.2
.	2692.9,4827.2	2766.1,4827.2
.	2765.9,4828.2	2693.2,4828.2
.	2693.4,4829.2	2765.6,4829.2
.	2765.4,4830.2	2693.7,4830.2
.	2694,4831.2	2765.1,4831.2
.	2764.7,4832.2	2694.4,4832.2
.	2694.7,4833.2	2764.3,4833.2
.	2763.9,4834.2	2695.1,4834.2
.	2695.6,4835.2	2763.5,4835.2
.	2763,4836.2	2696.1,4836.2
.	2696.6,4837.2	2762.5,4837.2
.	2761.9,4838.2	2697.1,4838.2
.	2697.8,4839.2	2761.3,4839.2
.	2760.7,4840.2	2698.4,4840.2
.	2699.1,4841.2	2760,4841.2
.	2759.3,4842.2	2699.8,4842.2
.	2700.6,4843.2	2758.4,4843.2
.	2757.6,4844.2	2701.5,4844.2
.	2702.4,4845.2	2756.7,4845.2
.	2755.7,4846.2	2703.4,4846.2
.	2704.4,4847.2	2754.6,4847.2
.	2753.5,4848.2	2705.6,4848.2
.	2706.9,4849.2	2752.2,4849.2
.	2750.8,4850.2	2708.2,4850.2
.	2709.8,4851.2	2749.3,4851.2
.	2747.6,4852.2	2711.5,4852.2
.	2713.5,4853.2	2745.6,4853.2
.	2743.3,4854.2	2715.8,4854.2
.	2718.7,4855.2	2740.3,4855.2
.	2736.1,4856.2	2723,4856.2

Line	red	1	1	3,0	110490	.	
.	2299.3,4682.1	2187.8,4682.1
.	2189.9,4683.1	2297.1,4683.1
.	2295.8,4684.1	2191.2,4684.1
.	2192.2,4685.1	2294.8,4685.1
.	2293.9,4686.1	2193.1,4686.1
.	2193.9,4687.1	2293.1,4687.1
.	2292.4,4688.1	2194.6,4688.1
.	2195.2,4689.1	2291.8,4689.1
.	2291.2,4690.1	2195.8,4690.1
.	2196.4,4691.1	2290.7,4691.1
.	2290.2,4692.1	2196.9,4692.1
.	2197.4,4693.1	2289.7,4693.1
.	2289.2,4694.1	2197.8,4694.1
.	2198.3,4695.1	2288.8,4695.1
.	2288.3,4696.1	2198.7,4696.1
.	2199.1,4697.1	2287.9,4697.1
.	2287.6,4698.1	2199.5,4698.1
.	2199.8,4699.1	2287.2,4699.1
.	2286.9,4700.1	2200.2,4700.1
.	2200.5,4701.1	2286.5,4701.1
.	2286.2,4702.1	2200.9,4702.1
.	2201.2,4703.1	2285.9,4703.1
.	2285.6,4704.1	2201.5,4704.1
.	2201.7,4705.1	2285.3,4705.1
.	2285,4706.1	2202,4706.1
.	2202.3,4707.1	2284.8,4707.1
.	2284.5,4708.1	2202.5,4708.1
.	2202.8,4709.1	2284.3,4709.1
.	2284,4710.1	2203,4710.1
.	2203.2,4711.1	2283.8,4711.1
.	2283.6,4712.1	2203.5,4712.1
.	2203.7,4713.1	2283.4,4713.1
.	2283.2,4714.1	2203.9,4714.1
.	2204.1,4715.1	2283,4715.1
.	2282.8,4716.1	2204.2,4716.1
.	2204.4,4717.1	2282.6,4717.1
.	2282.5,4718.1	2204.6,4718.1
.	2204.7,4719.1	2282.3,4719.1
.	2282.2,4720.1	2204.9,4720.1
.	2205,4721.1	2282,4721.1
.	2281.9,4722.1	2205.2,4722.1
.	2205.3,4723.1	2281.8,4723.1
.	2281.6,4724.1	2205.4,4724.1
.	2205.5,4725.1	2281.5,4725.1
.	2281.4,4726.1	2205.6,4726.1
.	2205.7,4727.1	2281.4,4727.1
.	2281.3,4728.1	2205.8,4728.1
.	2205.9,4729.1	2281.2,4729.1
.	2281.1,4730.1	2205.9,4730.1
.	2206,4731.1	2281.1,4731.1
.	2281,4732.1	2206,4732.1
.	2206.1,4733.1	2281,4733.1
.	2280.9,4734.1	2206.1,4734.1
.	2206.1,4735.1	2280.9,4735.1
.	2280.9,4736.1	2206.1,4736.1
.	2206.1,4737.1	2280.9,4737.1
.	2280.9,4738.1	2206.1,4738.1
.	2206.1,4739.1	2280.9,4739.1
.	2280.9,4740.1	2206.1,4740.1
.	2206.1,4741.1	2280.9,4741.1
.	2280.9,4742.1	2206.1,4742.1
.	2206.1,4743.1	2280.9,4743.1
.	2280.9,4744.1	2206.1,4744.1
.	2206.1,4745.1	2280.9,4745.1
.	2280.9,4746.1	2206.1,4746.1
.	2206.1,4747.1	2280.9,4747.1
.	2280.9,4748.1	2206.1,4748.1
.	2206.1,4749.1	2280.9,4749.1
.	2280.9,4750.1	2206.1,4750.1
.	2206.1,4751.1	2280.9,4751.1
.	2280.9,4752.1	2206.1,4752.1
.	2206.1,4753.1	2280.9,4753.1
.	2280.9,4754.1	2206.1,4754.1
.	2206.1,4755.1	2280.9,4755.1
.	2280.9,4756.1	2206.1,4756.1
.	2206.1,4757.1	2280.9,4757.1
.	2280.9,4758.1	2206.1,4758.1
.	2206.1,4759.1	2280.9,4759.1
.	2280.9,4760.1	2206.1,4760.1
.	2206.1,4761.1	2280.9,4761.1
.	2280.9,4762.1	2206.1,4762.1
.	2206.1,4763.1	2280.9,4763.1
.	2280.9,4764.1	2206.1,4764.1
.	2206.1,4765.1	2280.9,4765.1
.	2280.9,4766.1	2206.1,4766.1
.	2206.1,4767.1	2280.9,4767.1
.	2280.9,4768.1	2206.1,4768.1
.	2206.1,4769.1	2280.9,4769.1
.	2280.9,4770.1	2206.1,4770.1
.	2206.1,4771.1	2280.9,4771.1
.	2280.9,4772.1	2206.1,4772.1
.	2206.1,4773.1	2280.9,4773.1
.	2280.9,4774.1	2206.1,4774.1
.	2206.1,4775.1	2280.9,4775.1
.	2280.9,4776.1	2206.1,4776.1
.	2206.1,4777.1	2280.9,4777.1
.	2280.9,4778.1	2206.1,4778.1
.	2206.1,4779.1	2280.9,4779.1
.	2280.9,4780.1	2206.1,4780.1
.	2206.1,4781.1	2280.9,4781.1
.	2280.9,4782.1	2206.1,4782.1
.	2206.1,4783.1	2280.9,4783.1
.	2280.9,4784.1	2206.1,4784.1
.	2206.1,4785.1	2280.9,4785.1
.	2280.9,4786.1	2206.1,4786.1
.	2206.1,4787.1	2280.9,4787.1
.	2280.9,4788.1	2206.1,4788.1
.	2206.1,4789.1	2280.9,4789.1
.	2280.9,4790.1	2206.1,4790.1
.	2206.1,4791.1	2280.9,4791.1
.	2280.9,4792.1	2206.1,4792.1
.	2206.1,4793.1	2280.9,4793.1
.	2280.9,4794.1	2206.1,4794.1
.	2206.1,4795.2	2280.9,4795.2
.	2280.9,4796.2	2206.1,4796.2
.	2206.1,4797.2	2280.9,4797.2
.	2280.9,4798.2	2206.1,4798.2
.	2206.1,4799.2	2280.9,4799.2
.	2280.9,4800.2	2206.1,4800.2
.	2206.1,4801.2	2280.9,4801.2
.	2280.9,4802.2	2206.1,4802.2
.	2206.1,4803.2	2280.9,4803.2
.	2280.9,4804.2	2206.1,4804.2
.	2206.1,4805.2	2280.9,4805.2
.	2280.9,4806.2	2206.1,4806.2
.	2206.1,4807.2	2280.9,4807.2
.	2280.9,4808.2	2206.1,4808.2
.	2206.1,4809.2	2280.9,4809.2
.	2280.9,4810.2	2206.1,4810.2
.	2206.1,4811.2	2280.9,4811.2
.	2280.9,4812.2	2206.1,4812.2
.	2206.1,4813.2	2280.9,4813.2
.	2280.9,4814.2	2206.1,4814.2
.	2206.1,4815.2	2280.9,4815.2
.	2280.9,4816.2	2206.1,4816.2
.	2206.1,4817.2	2280.9,4817.2
.	2280.9,4818.2	2206.1,4818.2
.	2206.1,4819.2	2280.9,4819.2
.	2280.9,4820.2	2206.1,4820.2
.	2206.2,4821.2	2280.9,4821.2
.	2280.8,4822.2	2206.2,4822.2
.	2206.3,4823.2	2280.7,4823.2
.	2280.6,4824.2	2206.4,4824.2
.	2206.6,4825.2	2280.5,4825.2
.	2280.3,4826.2	2206.8,4826.2
.	2206.9,4827.2	2280.1,4827.2
.	2279.9,4828.2	2207.2,4828.2
.	2207.4,4829.2	2279.6,4829.2
.	2279.4,4830.2	2207.7,4830.2
.	2208,4831.2	2279,4831.2
.	2278.7,4832.2	2208.4,4832.2
.	2208.7,4833.2	2278.3,4833.2
.	2277.9,4834.2	2209.1,4834.2
.	2209.6,4835.2	2277.5,4835.2
.	2277,4836.2	2210.1,4836.2
.	2210.6,4837.2	2276.5,4837.2
.	2275.9,4838.2	2211.1,4838.2
.	2211.7,4839.2	2275.3,4839.2
.	2274.7,4840.2	2212.4,4840.2
.	2213.1,4841.2	2274,4841.2
.	2273.2,4842.2	2213.8,4842.2
.	2214.6,4843.2	2272.4,4843.2
.	2271.6,4844.2	2215.5,4844.2
.	2216.4,4845.2	2270.7,4845.2
.	2269.7,4846.2	2217.4,4846.2
.	2218.4,4847.2	2268.6,4847.2
.	2267.5,4848.2	2219.6,4848.2
.	2220.9,4849.2	2266.2,4849.2
.	2264.8,4850.2	2222.2,4850.2
.	2223.8,4851.2	2263.3,4851.2
.	2261.6,4852.2	2225.5,4852.2
.	2227.5,4853.2	2259.6,4853.2
.	2257.3,4854.2	2229.8,4854.2
.	2232.7,4855.2	2254.3,4855.2
.	2250.1,4856.2	2237,4856.2
